0 127
1 69
2 76
3 70
4 2
5 1
6 1
7 3
8 0
9 0
10 0
11 0
12 0
13 0
14 0
15 0
16 2
17 0
18 62
19 0
20 1
21 0
22 0
23 0
24 -32
25 21
26 64
27 0
28 0
29 0
30 0
31 0
32 64
33 0
34 0
35 0
36 0
37 0
38 0
39 0
40 64
41 84
42 10
43 0
44 0
45 0
46 0
47 0
48 0
49 0
50 0
51 0
52 64
53 0
54 56
55 0
56 8
57 0
58 64
59 0
60 29
61 0
62 28
63 0
64 1
65 0
66 0
67 0
68 4
69 0
70 0
71 0
72 0
73 0
74 0
75 0
76 0
77 0
78 0
79 0
80 0
81 0
82 64
83 0
84 0
85 0
86 0
87 0
88 0
89 0
90 64
91 0
92 0
93 0
94 0
95 0
96 112
97 4
98 0
99 0
100 0
101 0
102 0
103 0
104 112
105 4
106 0
107 0
108 0
109 0
110 0
111 0
112 0
113 16
114 0
115 0
116 0
117 0
118 0
119 0
120 1
121 0
122 0
123 0
124 5
125 0
126 0
127 0
128 0
129 16
130 0
131 0
132 0
133 0
134 0
135 0
136 0
137 16
138 64
139 0
140 0
141 0
142 0
143 0
144 0
145 16
146 64
147 0
148 0
149 0
150 0
151 0
152 85
153 -91
154 7
155 0
156 0
157 0
158 0
159 0
160 85
161 -91
162 7
163 0
164 0
165 0
166 0
167 0
168 0
169 16
170 0
171 0
172 0
173 0
174 0
175 0
176 1
177 0
178 0
179 0
180 4
181 0
182 0
183 0
184 0
185 -64
186 7
187 0
188 0
189 0
190 0
191 0
192 0
193 -64
194 71
195 0
196 0
197 0
198 0
199 0
200 0
201 -64
202 71
203 0
204 0
205 0
206 0
207 0
208 -122
209 49
210 2
211 0
212 0
213 0
214 0
215 0
216 -122
217 49
218 2
219 0
220 0
221 0
222 0
223 0
224 0
225 16
226 0
227 0
228 0
229 0
230 0
231 0
232 1
233 0
234 0
235 0
236 6
237 0
238 0
239 0
240 64
241 1
242 10
243 0
244 0
245 0
246 0
247 0
248 64
249 17
250 74
251 0
252 0
253 0
254 0
255 0
256 64
257 17
258 74
259 0
260 0
261 0
262 0
263 0
264 -104
265 81
266 0
267 0
268 0
269 0
270 0
271 0
272 -64
273 104
274 0
275 0
276 0
277 0
278 0
279 0
280 0
281 16
282 0
283 0
284 0
285 0
286 0
287 0
288 4
289 0
290 0
291 0
292 4
293 0
294 0
295 0
296 0
297 2
298 0
299 0
300 0
301 0
302 0
303 0
304 0
305 2
306 64
307 0
308 0
309 0
310 0
311 0
312 0
313 2
314 64
315 0
316 0
317 0
318 0
319 0
320 68
321 0
322 0
323 0
324 0
325 0
326 0
327 0
328 68
329 0
330 0
331 0
332 0
333 0
334 0
335 0
336 4
337 0
338 0
339 0
340 0
341 0
342 0
343 0
344 7
345 0
346 0
347 0
348 4
349 0
350 0
351 0
352 64
353 1
354 10
355 0
356 0
357 0
358 0
359 0
360 64
361 17
362 74
363 0
364 0
365 0
366 0
367 0
368 64
369 17
370 74
371 0
372 0
373 0
374 0
375 0
376 32
377 0
378 0
379 0
380 0
381 0
382 0
383 0
384 96
385 0
386 0
387 0
388 0
389 0
390 0
391 0
392 8
393 0
394 0
395 0
396 0
397 0
398 0
399 0
400 81
401 -27
402 116
403 100
404 6
405 0
406 0
407 0
408 0
409 0
410 0
411 0
412 0
413 0
414 0
415 0
416 0
417 0
418 0
419 0
420 0
421 0
422 0
423 0
424 0
425 0
426 0
427 0
428 0
429 0
430 0
431 0
432 0
433 0
434 0
435 0
436 0
437 0
438 0
439 0
440 0
441 0
442 0
443 0
444 0
445 0
446 0
447 0
448 16
449 0
450 0
451 0
452 0
453 0
454 0
455 0
456 82
457 -27
458 116
459 100
460 4
461 0
462 0
463 0
464 64
465 1
466 10
467 0
468 0
469 0
470 0
471 0
472 64
473 17
474 74
475 0
476 0
477 0
478 0
479 0
480 64
481 17
482 74
483 0
484 0
485 0
486 0
487 0
488 -64
489 46
490 0
491 0
492 0
493 0
494 0
495 0
496 -64
497 46
498 0
499 0
500 0
501 0
502 0
503 0
504 1
505 0
506 0
507 0
508 0
509 0
510 0
511 0
512 4
513 0
514 0
515 0
516 16
517 0
518 0
519 0
520 1
521 0
522 0
523 0
524 71
525 78
526 85
527 0
528 0
529 0
530 0
531 0
532 3
533 0
534 0
535 0
536 2
537 0
538 0
539 0
540 0
541 0
542 0
543 0
544 4
545 0
546 0
547 0
548 20
549 0
550 0
551 0
552 3
553 0
554 0
555 0
556 71
557 78
558 85
559 0
560 -9
561 -113
562 -92
563 -109
564 120
565 124
566 -47
567 -93
568 -103
569 -77
570 59
571 -116
572 -121
573 34
574 -103
575 -2
576 -85
577 -85
578 112
579 -100
580 0
581 0
582 0
583 0
584 -56
585 64
586 74
587 0
588 0
589 0
590 0
591 0
592 37
593 0
594 0
595 0
596 0
597 0
598 0
599 0
600 -96
601 103
602 65
603 0
604 0
605 0
606 0
607 0
608 -64
609 64
610 74
611 0
612 0
613 0
614 0
615 0
616 37
617 0
618 0
619 0
620 0
621 0
622 0
623 0
624 -80
625 104
626 65
627 0
628 0
629 0
630 0
631 0
632 -72
633 64
634 74
635 0
636 0
637 0
638 0
639 0
640 37
641 0
642 0
643 0
644 0
645 0
646 0
647 0
648 0
649 6
650 71
651 0
652 0
653 0
654 0
655 0
656 -80
657 64
658 74
659 0
660 0
661 0
662 0
663 0
664 37
665 0
666 0
667 0
668 0
669 0
670 0
671 0
672 64
673 104
674 65
675 0
676 0
677 0
678 0
679 0
680 -88
681 64
682 74
683 0
684 0
685 0
686 0
687 0
688 37
689 0
690 0
691 0
692 0
693 0
694 0
695 0
696 -128
697 116
698 65
699 0
700 0
701 0
702 0
703 0
704 -96
705 64
706 74
707 0
708 0
709 0
710 0
711 0
712 37
713 0
714 0
715 0
716 0
717 0
718 0
719 0
720 -96
721 14
722 70
723 0
724 0
725 0
726 0
727 0
728 -104
729 64
730 74
731 0
732 0
733 0
734 0
735 0
736 37
737 0
738 0
739 0
740 0
741 0
742 0
743 0
744 -32
745 103
746 65
747 0
748 0
749 0
750 0
751 0
752 -112
753 64
754 74
755 0
756 0
757 0
758 0
759 0
760 37
761 0
762 0
763 0
764 0
765 0
766 0
767 0
768 96
769 21
770 70
771 0
772 0
773 0
774 0
775 0
776 -120
777 64
778 74
779 0
780 0
781 0
782 0
783 0
784 37
785 0
786 0
787 0
788 0
789 0
790 0
791 0
792 -32
793 115
794 65
795 0
796 0
797 0
798 0
799 0
800 -128
801 64
802 74
803 0
804 0
805 0
806 0
807 0
808 37
809 0
810 0
811 0
812 0
813 0
814 0
815 0
816 112
817 117
818 65
819 0
820 0
821 0
822 0
823 0
824 120
825 64
826 74
827 0
828 0
829 0
830 0
831 0
832 37
833 0
834 0
835 0
836 0
837 0
838 0
839 0
840 -64
841 114
842 65
843 0
844 0
845 0
846 0
847 0
848 112
849 64
850 74
851 0
852 0
853 0
854 0
855 0
856 37
857 0
858 0
859 0
860 0
861 0
862 0
863 0
864 -32
865 104
866 65
867 0
868 0
869 0
870 0
871 0
872 104
873 64
874 74
875 0
876 0
877 0
878 0
879 0
880 37
881 0
882 0
883 0
884 0
885 0
886 0
887 0
888 112
889 114
890 65
891 0
892 0
893 0
894 0
895 0
896 96
897 64
898 74
899 0
900 0
901 0
902 0
903 0
904 37
905 0
906 0
907 0
908 0
909 0
910 0
911 0
912 -112
913 114
914 65
915 0
916 0
917 0
918 0
919 0
920 88
921 64
922 74
923 0
924 0
925 0
926 0
927 0
928 37
929 0
930 0
931 0
932 0
933 0
934 0
935 0
936 -80
937 118
938 65
939 0
940 0
941 0
942 0
943 0
944 80
945 64
946 74
947 0
948 0
949 0
950 0
951 0
952 37
953 0
954 0
955 0
956 0
957 0
958 0
959 0
960 64
961 117
962 65
963 0
964 0
965 0
966 0
967 0
968 72
969 64
970 74
971 0
972 0
973 0
974 0
975 0
976 37
977 0
978 0
979 0
980 0
981 0
982 0
983 0
984 32
985 -5
986 69
987 0
988 0
989 0
990 0
991 0
992 64
993 64
994 74
995 0
996 0
997 0
998 0
999 0
1000 37
1001 0
1002 0
1003 0
1004 0
1005 0
1006 0
1007 0
1008 80
1009 14
1010 70
1011 0
1012 0
1013 0
1014 0
1015 0
1016 56
1017 64
1018 74
1019 0
1020 0
1021 0
1022 0
1023 0
